667.00      -54.00
1171.00     60.00
-105.00     479.00
952.00      214.00
1189.00     201.00
85.00       488.00
105.00      177.00
-952.00     -407.00
802.00      109.00
1428.00     343.00
-893.00     -490.00
-1166.00    175.00
216.00      394.00
-1153.00    398.00
1467.00     486.00
-1234.00    103.00
895.00      36.00
651.00      -123.00
-1143.00    -153.00
1303.00     131.00
747.00      178.00
878.00      -967.00
890.00      -478.00
1322.00     175.00
88.00       259.00
307.00      483.00
-216.00     291.00
410.00      -676.00
411.00      -330.00
1356.00     263.00
700.00      -277.00
-797.00     -259.00
51.00       -832.00
394.00      -75.00
-113.00     -722.00
880.00      -256.00
-302.00     -6.00
5.00        -711.00
-849.00     103.00
-643.00     65.00
-669.00     422.00
155.00      -681.00
128.00      101.00
-637.00     134.00
408.00      -518.00
-593.00     -532.00
-537.00     -73.00
-1018.00    -23.00
-721.00     -190.00
-478.00     412.00
1248.00     301.00
-847.00     258.00
-1150.00    619.00
950.00      -273.00
1020.00     -161.00
682.00      -652.00
-1101.00    -91.00
-946.00     432.00
679.00      -427.00
512.00      215.00
1034.00     -68.00
-1060.00    -318.00
-300.00     91.00
524.00      143.00
297.00      -318.00
-1139.00    526.00
770.00      -819.00
-645.00     -442.00
501.00      321.00
-618.00     -200.00
591.00      -7.00
-403.00     341.00
236.00      117.00
55.00       -151.00
-629.00     -325.00
810.00      -644.00
526.00      -456.00
-360.00     -291.00
1180.00     65.00
47.00       -306.00
